0 0
17.1717 -0.0903423
34.3434 -0.182812
51.5152 -0.277408
68.6869 -0.374132
85.8586 -0.472983
103.03 -0.573962
120.202 -0.677067
137.374 -0.7823
154.545 -0.88966
171.717 -0.999147
188.889 -1.11076
206.061 -1.2245
223.232 -1.34037
240.404 -1.45837
257.576 -1.57849
274.747 -1.70074
291.919 -1.82512
309.091 -1.95163
326.263 -2.08026
343.434 -2.21102
360.606 -2.3439
377.778 -2.47892
394.949 -2.61606
412.121 -2.75533
429.293 -2.89672
446.465 -3.04024
463.636 -3.18589
480.808 -3.33367
497.98 -3.48358
515.152 -3.63561
532.323 -3.78977
549.495 -3.94605
566.667 -4.10447
583.838 -4.26501
601.01 -4.42767
618.182 -4.59247
635.354 -4.75939
652.525 -4.92844
669.697 -5.09962
686.869 -5.27292
704.04 -5.44835
721.212 -5.62591
738.384 -5.8056
755.556 -5.98741
772.727 -6.17135
789.899 -6.35741
807.071 -6.54561
824.242 -6.73593
841.414 -6.92838
858.586 -7.12296
875.758 -7.31966
892.929 -7.51849
910.101 -7.71945
927.273 -7.92253
944.444 -8.12774
961.616 -8.33508
978.788 -8.54455
995.96 -8.75614
1013.13 -8.96986
1030.3 -9.18571
1047.47 -9.40369
1064.65 -9.62379
1081.82 -9.84602
1098.99 -10.0704
1116.16 -10.2969
1133.33 -10.5255
1150.51 -10.7562
1167.68 -10.9891
1184.85 -11.2241
1202.02 -11.4612
1219.19 -11.7004
1236.36 -11.9418
1253.54 -12.1853
1270.71 -12.4309
1287.88 -12.6787
1305.05 -12.9286
1322.22 -13.1806
1339.39 -13.4347
1356.57 -13.691
1373.74 -13.9494
1390.91 -14.2099
1408.08 -14.4726
1425.25 -14.7373
1442.42 -15.0042
1459.6 -15.2733
1476.77 -15.5444
1493.94 -15.8177
1511.11 -16.0931
1528.28 -16.3706
1545.45 -16.6503
1562.63 -16.9321
1579.8 -17.216
1596.97 -17.5021
1614.14 -17.7902
1631.31 -18.0805
1648.48 -18.373
1665.66 -18.6675
1682.83 -18.9642
1700 -19.263
